[GENERAL]
ew = 0
kc = 0.0
df = 0.0508
dtl = 0.1016
dg = 0.2032
l = 0.3556
nf = 0.32
nt = 0.4
ng = 0.45

[PONDING_ZONE]
ap = 195.0964
hover = 0.5
kweir = 1.3
wweir = 5.0
expweir = 2.5
cs = 0
pp = 0
flagp = 1

[UNSATURATED_ZONE]
a = 195.0964
husz = 0.0508
nusz = 0.32
ks = 0.01
sh = 0.01
sw = 0.03
sfc = 0.04
ss = 0.06
gama = 5.7066209299636945
kf = 0

[SATURATED_ZONE]
psz = 0
hpipe = 0.08096571733012459
flagsz = 1
dpipe = 152.4
cd = 0.41208799470834495
eta = 0.3

[TIMESTEP]
dt = 900

[CALIBRATION]
cd_min = 0.3
cd_max = 0.8
gama_min = 1
gama_max = 10
hpipe_min = 0
hpipe_max = 0.1
eta_min = 0.3
eta_max = 1.0
pop = 100
gen = 50

